994174013
788126286
624862710
433601949
185195169
369147201
247825892
972566184
916934967
91544545
116510063
229720448
938196407
62804112
603983032
975442670
355018077
455803899
250178009
742477967
483984385
336602623
866686825
530361959
553858489
454986363
685681012
145181397
165080265
536179149
953047076
288234950
726834028
848384703
143904141
936398901
490478511
976017273
410620471
143535312
189332252
857456225
866860248
704015259
261243760
481700
975915954
799698071
473039246
32094656
187423754
640480998
532577478
185555162
998045681
273566525
895378806
418359819
35411709
921472837
86202224
672438041
329340396
328396591
321774947
377068246
478640875
178964072
298603948
80863873
759779119
518674107
90926245
339766163
666462387
102319298
557545548
92611586
220695009
739470826
234847374
55923220
110956765
428834901
936135553
180078315
391176491
120100886
634277948
916448162
804756873
891593622
374732808
157079818
271182467
686402224
608768110
698823236
366224726
17596986
290909374
270511673
957969310
468472399
766043720
276604518
469042149
368212082
183447733
454705177
191978887
977183875
366506498
164870428
632170901
130985683
516133372
831966470
629492705
432377785
24000484
133566218
340417914
412463545
29917677
564221716
364881393
334627102
248174057
182131909
275950365
389505839
920375413
402029352
757149878
426162775
327153965
408756361
200022572
78889744
628267096
658173259
541400653
73088432
576019472
874657116
599693979
104914975
220716510
827422995
572411353
855387179
757851527
316017826
429285377
0
798364486
731471912
570139101
738817178
535571654
617797281
826495047
116580058
685700248
775273122
740898664
364167776
655736663
893229381
724580802
694464721
267377527
553149741
390336838
328652288
697691963
540721881
693963318
83853570
868804184
642894940
549141207
234628096
87476478
976762070
691902775
599528402
417552089
311612160
232244926
210118486
480132201
4296792
895667853
201709386
40973093
665793070
611022868
335499739
862377030
947014379
709204200
697754096
353273472
255358553
712057631
686524375
701861140
20146940
358900816
339016396
581749725
20698951
415335349
534657722
116728295
979526452
939509277
434233703
57005837
500367979
862572417
545244960
28754243
432249320
576139796
263377963
922304626
83896417
119692217
539770782
641604237
341954492
496137806
9570212
665884831
242250746
781641922
82169678
639383943
606819853
309761509
384864004
724780868
728559351
500543297
590096444
315251997
35863307
544174179
450370323
612078054
564790162
738006969
637192893
352028617
233818673
660258800
625896074
360806238
215005653
723277231
8820797
590000023
464505633
169215165
463375281
873693972
756056683
215317636
369161198
954608316
292619841
664502597
851547749
298647372
811411570
374178864
617737257
876509195
307065405
484567510
117595575
303731787
220454708
924139262
456311680
605713308
577397173
106882609
549560356
521960236
358190946
858489131
783473244
78956743
812824878
42041660
852699773
327068266
272453074
874719703
251598366
608762876
254400027
865849203
973690011
30568822
436230781
985198469
341510325
872749340
494062247
965719192
19173556
312727491
558965982
580585431
241059117
354803827
849224199
840952905
431792720
218698851
745868228
388425373
452922822
711959057
322881611
780331625
712127944
410239699
129435977
187574074
442679326
353367728
950177608
785167047
710526302
234129819
73973072
646733508
957036837
772622540
514452572
976726105
14881211
138553395
190673712
576545985
52708774
346819007
182427385
863108059
398480419
392970195
918321723
15922179
90642074
155555545
157434471
620248994
982827417
642702566
219738484
214305692
400674003
731819640
420651740
294757599
621434397
153146515
119213862
909528445
197396192
223059154
199556469
594527035
738582192
512841647
733774090
456881730
780476870
369644399
839076416
50972706
166628473
529385419
23883522
276749413
498427510
595126207
330238815
788148
206162613
533068579
169962328
511179193
534094457
737944838
597861002
172074192
547623124
442222350
684706701
119506630
95834486
436145302
348407746
617615415
624548908
675235248
783775903
849356697
865263324
22801408
758301220
916741157
900973909
644440374
585204148
195523957
561963966
758645721
446772746
63194461
243943458
14634055
408203601
36269654
467591262
367240087
980392042
998622857
863411656
596818988
186970640
950289197
696533731
613271530
224710084
30903282
887257769
357249925
864257234
968607922
931547402
443183921
595017670
269871139
981428058
983020011
761483168
730338345
903756187
296482251
0
614200841
278749151
901128741
595356873
655114790
862421829
858314985
604041984
818916767
331432107
813246010
388416094
209831764
291136133
810544248
531742897
606305373
373982267
39666756
233363168
469427684
32824101
618555488
80518792
343763154
135404156
622174072
392412751
505783278
361872393
304781262
638405159
0
456904823
809531028
6330693
131120133
0
394055841
604408490
550914411
637181144
196675017
172233642
752186650
679194514
600080657
690004526
917973500
844404705
663637636
580588738
728341439
536587931
214280547
892481856
581222947
43808104
651029036
471955770
709799530
724532376
356025929
833795289
571407562
911104557
534979108
768320717
393330061
674817994
766727776
711907779
81680111
414185103
705186980
680584174
761076725
757267590
714589375
513888347
12651380
696950776
73264103
744220169
118799219
560289784
367799733
724341295
352544641
564495488
183497728
756346406
940618005
232579042
297832732
130682951
448465093
498180771
977599139
366043719
632082819
34311426
535126196
506914792
145409080
114212611
688719293
587692359
209856419
273995337
142952924
365421392
143505900
817818345
512423214
51929811
854260721
160922139
989356674
236877885
605753182
155318849
697755837
143518507
447248999
421333175
573564929
19673707
151395318
219270653
280160678
557946339
988923002
569816250
880006948
532306276
887613645
412163299
829769877
165617981
349662192
295297281
554610274
318002786
658482778
823128276
716060286
271265328
738169601
869495187
993383104
746606884
88000963
399230726
172711314
70208963
386516772
710469347
761818758
997001716
989779596
410755109
980340021
885845869
658377386
98071671
723464017
291664199
474318872
637832191
842654970
284248207
445904442
993424780
331540224
447222801
265968724
45608074
771078624
600367425
219667936
946302374
258309425
264517793
445278141
362172529
827382491
740477679
670276022
452789064
154458834
59678431
380731654
299629286
832476293
646100175
509362019
727267776
869550330
775289133
79993845
223029488
679956020
387173715
579329141
203595851
150778039
595473098
399821015
402954456
783539344
309041678
466764172
601209088
749962825
953490191
44055238
4743039
464657617
839269777
633682155
556943938
345139253
791497997
470124277
90140809
407744018
318774166
677849441
557949916
837254163
726219914
504185761
239883230
617590113
552542751
524390191
608031842
292522912
666613746
285681354
142265586
677578981
0
739651029
4499274
110587769
621163576
392239731
304073917
115543801
693284172
147456664
0
772486759
212209860
306733502
790556802
565533217
461716947
586649870
912503744
940238325
319095285
21238075
235261413
417295102
571255857
351609070
399482790
903304918
619137805
130727783
610025561
89025978
633042893
785130821
673116772
12871406
812200453
332806150
64726650
545011953
432253430
758588338
897789288
284639171
803289213
180309555
145123054
513663784
857479756
285360027
376903066
277327283
774868382
464847680
303718017
244659318
133383329
622866478
629978704
860763121
864975275
279494650
358597059
871278420
804868661
781959694
569667525
361852435
554631745
515738773
653212904
794578413
344978658
630428554
694942418
959273826
35925669
330306949
839001678
876432694
960959707
115493303
654771389
834189347
981808444
240801578
649471913
988328449
431796641
326892070
448115681
411561800
974143155
58652704
275795810
443425362
281414472
861338584
516125415
343943236
968258409
870319349
541488462
398064678
710660652
272259078
24513095
699061105
913586703
665826441
996647246
705015437
117211132
131376927
549162099
292244295
201929381
360828405
549407836
988167652
501073267
19434706
525123449
109940648
68635665
460274038
779972100
565676725
588738889
992906031
790892734
971916536
176432695
489021995
30727658
490115220
41586604
130424065
434402359
2300194
574682537
214883305
353260693
452354496
187013119
492663821
728011758
714418592
793985251
904186453
958622157
972069386
148654192
751397275
948367154
141189856
395653605
750318647
18504199
219524797
893407664
839334905
75248718
818699167
367492161
237586139
962289381
288342199
792368037
217390298
774781019
547903131
806637616
444951025
657447811
0
717019718
481136332
961308082
563972596
86611343
535805783
699469947
716408126
636810103
191172305
636584623
493812510
763800558
879347218
36900532
712092957
85370908
823614568
27833404
406120699
535336376
41838486
316269353
611000995
798364451
644787480
914776426
374022835
390494536
187185724
364823849
301985702
389544289
235656051
14302100
955996594
698962611
321519570
524921448
999474841
781900037
349744172
271892132
164389382
860248520
560915843
367444087
448829842
997806260
57416863
277056315
166943317
738807340
822934305
10316351
771837660
580319114
225564755
302033805
216744355
691049539
751780729
830285322
902345493
919591452
17719918
473826659
877883482
392961518
0
